0.0041884 0.0004674 0.0117632 -0.0051157 0.0081778 0.0025427 0.0048058 0.0105624 0.0133548 0.0339299 0.0019035 -0.0326281 -0.0005187 -0.0196962 -0.0263137 0.0073518 0.0315293 0.0004627 0.0026778 0.0361243 0.0073675 0.0075502 0.0072880 0.0146461 0.0002490 0.0277395 0.0063435 0.0157869 0.0081555 -0.0289603 -0.0041266 -0.0091764 0.0268730 0.0354657 -0.0154901 0.0168097 0.0263543
-0.0098067 0.0488283 0.0346710 0.0006745 -0.0135543 0.0045890 0.0258303 0.0030702 0.0380454 -0.0202411 0.0004499 -0.0030599 0.0014429 -0.0279278 0.0137439 0.0009063 -0.0133947 0.0006961 0.0044446 0.0040834 0.0042677 0.0160890 0.0292692 -0.0420028 0.0016687 0.0106949 -0.0002793 -0.0331509 0.0011171 0.0089131 -0.0052115 0.0195929 0.0306413 0.0041512 0.0242636 -0.0003752 0.0120625
0.0012262 0.0290012 -0.0049293 0.0095113 0.0094807 -0.0460176 0.0140811 0.0234624 0.0248581 0.0003360 0.0050639 0.0118896 0.0441055 0.0389435 0.0044733 -0.0036804 0.0049402 0.0232948 0.0390752 0.0182000 0.0183393 0.0201582 0.0051797 0.0013921 0.0255095 -0.0249840 -0.0262763 0.0407897 0.0018787 0.0074762 0.0095741 0.0090954 0.0217843 -0.0069875 -0.0110039 0.0114698 0.0023581
0.0103062 0.0072535 0.0373831 0.0078350 -0.0081464 0.0209229 0.0421235 0.0142848 0.0173181 0.0350763 -0.0023361 -0.0013039 -0.0245448 0.0054804 0.0296263 -0.0161600 0.0212143 -0.0157630 -0.0082305 -0.0235782 0.0015022 0.0194437 0.0272694 0.0114769 0.0004029 0.0367139 0.0182379 0.0283923 0.0021593 0.0050180 0.0068527 0.0179307 0.0251386 0.0184610 0.0005374 0.0028550 0.0023556
0.0101472 0.0018890 0.0268044 0.0101331 0.0200518 0.0340004 0.0074959 0.0068400 0.0096370 -0.0389512 -0.0004298 -0.0378899 0.0180696 0.0071564 0.0162201 0.0271586 0.0147059 -0.0109950 0.0082469 0.0149950 0.0016320 0.0305993 0.0022441 -0.0068363 -0.0102011 0.0063034 0.0236704 0.0088306 0.0024720 0.0018854 0.0126713 0.0105708 0.0001348 -0.0017194 0.0035219 0.0052912 0.0001244
0.0018064 -0.0341275 0.0045108 0.0034484 0.0347886 0.0096290 0.0430207 0.0036597 0.0056159 0.0015650 0.0238797 0.0006612 0.0016551 -0.0000764 0.0004463 0.0058144 0.0141918 0.0087404 -0.0209836 0.0272816 -0.0097590 0.0062924 0.0009195 -0.0279010 0.0250909 0.0317689 0.0069892 0.0015851 0.0042118 0.0173805 0.0007280 -0.0062240 0.0243317 -0.0530383 -0.0044332 0.0098097 0.0092630
0.0016017 0.0105498 0.0190066 0.0118390 0.0051201 0.0014424 -0.0215402 -0.0017766 0.0016672 -0.0024733 0.0191299 0.0034334 -0.0103120 -0.0014502 0.0034438 0.0003246 -0.0068998 0.0120079 -0.0058974 -0.0114023 0.0313772 0.0399983 0.0064213 -0.0010326 -0.0149454 0.0139691 0.0063965 0.0057232 0.0316079 0.0044601 0.0196127 0.0046340 -0.0071270 -0.0009331 -0.0049221 0.0122267 0.0167258
-0.0005062 0.0014304 0.0000286 0.0007977 0.0073269 -0.0070548 0.0347796 0.0410327 0.0045758 -0.0031730 0.0061168 0.0037541 0.0261448 0.0049598 0.0210637 0.0120395 0.0001206 0.0063715 0.0043817 -0.0043532 0.0035829 -0.0049785 0.0036153 0.0037121 -0.0265384 0.0383044 -0.0290911 0.0069508 -0.0237347 0.0367924 -0.0147194 0.0157391 0.0195074 -0.0053322 0.0054766 0.0016724 -0.0087922
-0.0332335 -0.0157651 0.0167436 0.0033672 -0.0031753 0.0100577 -0.0002421 0.0069674 0.0000288 -0.0058663 0.0009668 0.0067040 0.0248334 0.0078725 0.0082387 -0.0245012 0.0111782 -0.0206363 0.0009949 0.0245231 0.0205611 0.0152729 0.0218433 0.0112229 0.0054346 0.0371559 0.0159048 0.0194937 0.0051200 0.0062063 0.0437814 0.0130840 0.0006450 0.0354325 0.0228167 0.0272020 0.0121821
0.0199191 -0.0132260 -0.0143582 0.0098202 0.0032007 0.0307360 0.0186528 0.0252158 -0.0226064 -0.0197281 0.0100896 -0.0035140 0.0008053 0.0242276 0.0120638 -0.0086243 0.0019714 0.0029976 0.0381133 0.0151242 0.0287188 0.0168986 0.0054082 0.0020070 0.0013500 -0.0104536 -0.0117672 0.0026744 -0.0079985 0.0042455 -0.0132209 0.0038999 0.0001959 0.0051255 0.0162218 0.0009044 -0.0118685
0.0029573 0.0100507 0.0091341 -0.0107262 0.0040458 0.0004398 0.0013625 -0.0049473 0.0006169 0.0149808 -0.0363471 0.0148075 0.0031047 0.0226458 0.0210515 -0.0035973 0.0119460 0.0183992 -0.0118622 0.0018146 0.0219017 0.0292760 0.0129769 -0.0028574 0.0025176 0.0134373 0.0110898 0.0069026 0.0284336 0.0304270 0.0016930 0.0111368 0.0052705 0.0014569 -0.0034943 -0.0014077 0.0078189
0.0217384 0.0041197 -0.0160029 -0.0038464 0.0132047 -0.0021102 -0.0062057 0.0215071 0.0089864 -0.0233832 0.0161298 -0.0322313 0.0422819 0.0124710 0.0180495 0.0147778 0.0158031 -0.0292702 0.0061831 0.0331609 -0.0034996 0.0357726 0.0007747 -0.0078953 0.0129250 -0.0085718 -0.0007188 -0.0247984 0.0133381 0.0027702 -0.0210694 -0.0036544 0.0005371 0.0108319 0.0373107 -0.0033830 0.0156827
0.0020766 0.0299377 0.0254291 -0.0156512 0.0364860 0.0309440 0.0011075 0.0139702 0.0039144 0.0119943 -0.0014577 0.0073147 0.0252730 -0.0080543 0.0056091 0.0081565 0.0196857 0.0322855 -0.0267974 0.0183589 0.0086204 -0.0003576 -0.0121090 0.0017040 0.0273072 0.0062412 -0.0070668 -0.0015714 0.0232592 -0.0084479 0.0004921 -0.0118144 0.0137446 0.0094997 0.0033460 -0.0048296 0.0073096
0.0379730 0.0130391 0.0004296 0.0121334 0.0115339 0.0388350 0.0029123 -0.0075681 0.0048814 0.0024352 -0.0043167 -0.0107957 0.0282335 0.0020755 0.0190829 0.0246331 0.0170243 0.0062074 -0.0093260 -0.0274353 0.0035512 0.0128725 -0.0017934 0.0042024 -0.0136311 0.0261367 0.0334423 0.0131869 0.0024341 0.0067005 -0.0309824 0.0043425 0.0053694 0.0108572 0.0056580 0.0062410 -0.0172000
-0.0098955 0.0060396 0.0022768 0.0406466 0.0034892 0.0037159 0.0126182 0.0313487 0.0463680 0.0197502 -0.0010472 0.0209520 0.0083816 0.0158022 0.0298399 -0.0027381 0.0039521 -0.0123388 0.0137838 0.0058778 0.0044209 0.0254642 0.0052220 0.0409866 -0.0123012 -0.0197133 -0.0072163 0.0203290 0.0023974 0.0096564 0.0007704 0.0013595 -0.0010476 0.0103000 0.0111380 0.0116557 0.0342534
0.0351609 0.0091546 -0.0100192 0.0174235 0.0239070 -0.0363157 0.0096862 -0.0074134 -0.0113202 0.0015902 -0.0251368 0.0030882 0.0072033 0.0132433 0.0155688 -0.0225515 0.0125493 0.0153003 0.0047596 0.0098296 -0.0160983 0.0141609 0.0205103 0.0206093 -0.0266559 0.0211836 0.0133997 -0.0107085 -0.0116078 0.0075169 0.0006440 0.0001374 0.0001392 0.0151060 0.0275801 -0.0089389 0.0039026
-0.0037693 0.0058542 -0.0011060 0.0099351 -0.0253748 0.0230852 0.0309423 0.0264779 0.0100597 -0.0050816 0.0189730 0.0126153 -0.0398144 0.0085118 0.0413540 -0.0029834 0.0004936 0.0018004 0.0039069 -0.0063671 0.0133411 0.0125755 0.0060747 0.0061485 0.0366929 0.0030674 0.0185770 0.0153144 0.0100364 0.0286831 -0.0026520 0.0403417 -0.0520418 -0.0063034 -0.0012064 0.0135796 0.0012472
0.0011674 0.0088188 0.0037485 -0.0002590 -0.0028398 0.0211218 -0.0050416 0.0092946 0.0168331 0.0102584 0.0251173 0.0487837 0.0036319 0.0092062 0.0199319 0.0200435 -0.0104243 -0.0048974 0.0012539 0.0123127 0.0074354 -0.0263564 0.0174739 0.0040425 -0.0246415 0.0164760 0.0057366 0.0079107 0.0027552 0.0039503 0.0110795 0.0085015 0.0034600 0.0053005 0.0171215 -0.0022475 0.0121256
-0.0328698 0.0063660 0.0310424 -0.0021793 -0.0004408 0.0096773 0.0008854 0.0030431 0.0096859 0.0251858 0.0115040 -0.0040607 0.0205977 0.0307882 0.0167700 0.0021809 0.0192628 0.0061818 -0.0105068 -0.0208440 0.0031462 -0.0037843 0.0009562 -0.0058083 -0.0147490 0.0245760 0.0111752 -0.0012318 -0.0056024 0.0297840 0.0173794 0.0288541 0.0298042 0.0132805 -0.0319941 0.0088053 0.0023233
0.0365072 0.0117812 0.0021698 0.0092108 0.0100374 0.0198285 0.0054114 -0.0392076 0.0027299 -0.0362438 0.0171850 0.0009418 -0.0219237 -0.0064707 0.0028209 0.0091307 -0.0114010 0.0049988 -0.0111269 0.0085431 0.0038522 0.0186997 0.0027914 0.0094320 0.0081582 -0.0078991 -0.0024954 0.0077556 0.0043904 0.0160361 0.0040517 0.0415052 0.0391046 -0.0068848 0.0171420 0.0139375 0.0090627
0.0079599 0.0017493 0.0085443 0.0012925 0.0061981 0.0146890 0.0220555 0.0134215 0.0090580 0.0050123 0.0003456 0.0075146 0.0051392 0.0001844 0.0147517 0.0304094 0.0078120 -0.0257412 0.0378143 0.0175381 0.0084538 0.0005696 -0.0235672 0.0053931 -0.0048199 0.0265766 0.0290488 0.0081398 -0.0088485 0.0026698 0.0003979 -0.0215157 -0.0007098 0.0011462 0.0042768 0.0469595 0.0098913
-0.0141738 0.0130797 0.0053953 0.0116411 0.0324683 0.0084470 0.0021750 -0.0055666 -0.0075261 0.0170290 -0.0365125 0.0012262 -0.0032436 -0.0154416 -0.0116340 0.0166285 0.0290895 0.0309637 0.0166079 0.0034520 -0.0344715 -0.0120690 0.0051234 -0.0217963 0.0121524 0.0032099 0.0161391 -0.0043556 0.0153997 -0.0028857 0.0157706 -0.0193752 0.0042763 -0.0010439 0.0124732 0.0150343 0.0037005
-0.0069748 0.0101841 0.0111706 -0.0342311 0.0018130 -0.0130077 -0.0335198 0.0006093 0.0013809 -0.0000337 -0.0149376 0.0071250 0.0088224 0.0006333 0.0011653 0.0042248 0.0197696 0.0341134 0.0213918 0.0008700 0.0041958 0.0120260 0.0002237 0.0161182 -0.0452961 0.0004687 0.0018287 -0.0087359 0.0169704 -0.0086391 0.0194757 0.0011187 -0.0377818 0.0216233 0.0402436 0.0478082 -0.0094220
0.0269352 0.0024033 0.0193980 0.0316765 0.0468586 -0.0216598 0.0100299 0.0013839 0.0027987 0.0220147 0.0091383 0.0085406 0.0034437 0.0013778 0.0111625 0.0056402 -0.0158158 0.0002963 0.0072624 0.0023092 0.0203608 0.0069048 0.0064876 0.0111180 0.0411094 0.0045921 0.0085100 0.0298733 -0.0132721 0.0102210 0.0158951 0.0076872 0.0329646 0.0139522 -0.0436856 -0.0083546 -0.0119364
0.0088035 0.0194051 0.0248902 -0.0051893 0.0024597 -0.0266090 0.0015874 -0.0385365 0.0002240 -0.0058367 -0.0327641 0.0072799 0.0230920 0.0139493 0.0279175 0.0009574 -0.0060211 -0.0182934 0.0031187 -0.0015122 0.0019348 0.0171853 -0.0037333 0.0293523 0.0063792 0.0075682 0.0064486 -0.0189297 0.0111005 0.0161443 0.0050977 0.0111090 0.0255309 0.0145712 0.0206661 0.0269298 0.0277429
0.0081132 0.0015968 -0.0226233 -0.0260671 0.0049520 0.0035017 -0.0264801 0.0050287 -0.0057257 0.0299486 -0.0013093 0.0232485 0.0190082 0.0340613 -0.0200156 0.0110099 0.0105668 0.0165615 0.0265267 -0.0022992 0.0122533 0.0087329 -0.0200292 0.0037621 -0.0212261 -0.0051399 0.0080181 0.0146388 0.0257644 0.0003550 0.0043226 0.0104929 0.0021825 0.0475253 0.0015541 0.0015310 0.0320073
0.0422006 0.0090995 0.0084383 0.0044383 -0.0048005 0.0181917 0.0206760 0.0340928 0.0291851 0.0161731 0.0276167 0.0041412 -0.0219055 0.0131356 0.0024992 -0.0176344 0.0045908 -0.0101992 0.0086242 0.0065269 -0.0395707 0.0193374 0.0206817 0.0370278 0.0158538 0.0100988 -0.0036892 0.0229140 -0.0043218 0.0001858 -0.0094844 0.0018779 0.0001928 0.0099928 -0.0212655 0.0052111 0.0236178
0.0010380 0.0153396 -0.0249845 -0.0251723 0.0013408 0.0068306 0.0313352 0.0087085 -0.0050483 -0.0067459 0.0011083 0.0037430 0.0083687 -0.0119435 0.0241790 0.0031386 0.0245233 0.0166435 0.0192653 0.0121742 -0.0066481 -0.0178120 -0.0241120 0.0277948 -0.0024956 0.0071069 0.0215979 -0.0057572 -0.0224767 0.0184710 -0.0057376 -0.0073357 0.0164422 0.0329752 -0.0079157 -0.0110152 0.0025173
-0.0008492 0.0170108 0.0264680 0.0027618 0.0013453 0.0142472 -0.0298391 0.0420199 -0.0360424 0.0217460 0.0029160 0.0054680 0.0037357 0.0092445 0.0121464 -0.0031313 -0.0134253 0.0152763 -0.0039612 0.0012264 -0.0170606 0.0095587 0.0358120 0.0318229 -0.0502107 0.0222046 0.0267351 0.0090573 0.0230638 -0.0085229 -0.0031049 -0.0066430 0.0005837 0.0112044 -0.0046532 0.0109492 0.0048216
0.0065140 0.0388907 0.0125719 -0.0107689 0.0224094 0.0011655 0.0388326 0.0045657 0.0082102 0.0053720 0.0078968 0.0097432 0.0204002 0.0273542 0.0084556 -0.0038784 0.0285239 0.0044297 0.0034192 0.0092668 0.0025957 0.0018446 0.0043712 0.0021388 0.0000456 0.0049212 0.0371491 0.0018447 -0.0014290 0.0167664 0.0241282 0.0339900 -0.0018911 -0.0075816 -0.0014333 0.0027043 0.0354307
-0.0094229 0.0189225 0.0037053 0.0183694 0.0167756 0.0005902 -0.0443629 -0.0019106 0.0124731 0.0014995 0.0081113 0.0104461 0.0019892 -0.0046903 -0.0103262 0.0030449 0.0187913 0.0393372 0.0144650 0.0160229 0.0150709 -0.0181000 0.0081807 0.0185619 0.0042278 -0.0065084 0.0320458 -0.0044576 0.0034534 0.0016106 0.0158446 0.0097881 -0.0167597 0.0196701 0.0220906 0.0424222 0.0334871
-0.0077591 -0.0025384 0.0041257 0.0321527 -0.0204203 -0.0133021 -0.0004485 -0.0192535 -0.0349805 0.0032445 0.0112078 0.0205605 -0.0026304 0.0318397 0.0383787 0.0026031 0.0031296 0.0116784 0.0065632 0.0043175 -0.0017629 0.0166139 0.0334970 0.0020111 -0.0090579 0.0064417 0.0304910 0.0050596 -0.0024082 0.0067115 -0.0213638 0.0189165 0.0000655 0.0192727 0.0038957 0.0002026 -0.0187733
0.0121387 0.0240014 -0.0171151 -0.0015268 0.0163158 0.0309646 -0.0045242 -0.0016057 0.0071841 -0.0095995 -0.0112075 -0.0218208 0.0008595 0.0414008 0.0184082 0.0090443 0.0418925 0.0030083 0.0169895 0.0029224 0.0306890 0.0138262 -0.0248595 0.0222131 0.0051260 0.0119031 0.0041596 0.0075973 0.0156151 0.0114711 -0.0015889 0.0003611 -0.0329834 0.0289052 -0.0089231 -0.0361917 -0.0183986
0.0104004 0.0110111 -0.0251071 0.0016344 0.0189055 0.0049707 0.0274449 0.0064284 0.0090984 0.0239643 -0.0205653 0.0444755 0.0176373 0.0374992 0.0052014 -0.0010714 0.0065110 -0.0035304 0.0265988 0.0181347 0.0080231 0.0439220 0.0161666 0.0066150 0.0006967 0.0199635 -0.0366860 0.0030762 0.0118615 0.0055768 0.0008713 0.0010836 0.0064507 0.0232967 -0.0025669 0.0059186 0.0158728
0.0060827 0.0133504 0.0079792 0.0247615 0.0091471 0.0363072 0.0200905 0.0152023 0.0095321 -0.0318475 -0.0029622 -0.0119633 -0.0167595 -0.0060943 0.0054132 -0.0045223 0.0257420 0.0166249 0.0111069 0.0139027 0.0066397 0.0128721 0.0148812 0.0016255 0.0223335 -0.0300564 0.0022051 0.0044224 0.0149674 -0.0134971 0.0359322 0.0059215 0.0319657 0.0169026 -0.0041932 0.0243871 0.0148842
-0.0075173 0.0021682 -0.0252661 0.0241468 -0.0094140 0.0196575 -0.0022356 0.0032242 0.0286886 0.0086071 -0.0281037 0.0054931 -0.0349262 -0.0391646 -0.0004153 0.0179742 0.0068076 0.0058794 0.0151170 0.0045770 0.0096513 0.0074119 0.0164125 0.0039663 -0.0034594 0.0159185 0.0103863 -0.0030308 -0.0048296 0.0259409 0.0180783 0.0248163 -0.0247733 0.0298128 0.0245509 0.0045616 0.0356430
0.0019026 0.0270267 0.0023020 0.0319613 -0.0051028 -0.0111159 0.0022632 0.0205596 0.0019038 -0.0126094 0.0071711 0.0124547 -0.0103714 0.0268557 0.0088266 -0.0133879 0.0019988 0.0181381 -0.0109958 0.0091496 0.0100945 0.0136692 0.0219222 -0.0290270 0.0084991 0.0044139 0.0057715 0.0253180 0.0260878 -0.0092509 -0.0021536 -0.0442665 0.0035087 -0.0204437 -0.0144275 -0.0130519 0.0047078